    0.13851461
    0.03931465
    0.03749217
   -0.14782509
   -0.10012453
    0.16071085
    0.04377182
    0.04374598
   -0.12510408
   -0.12312457
    0.16076718
    0.04442204
    0.04430969
   -0.12484857
   -0.12465034
    0.16068789
    0.04435250
    0.04440408
   -0.12471498
   -0.12472949
    0.16069022
    0.04442649
    0.04435063
   -0.12488099
   -0.12458635
    0.16075823
    0.04432526
    0.04436339
   -0.12475854
   -0.12468834
    0.16090616
    0.04490588
    0.04403044
   -0.12428357
   -0.12555892
    0.16059808
    0.04436658
    0.04418009
   -0.12427708
   -0.12486767
    0.16083570
    0.04461586
    0.04448386
   -0.12495352
   -0.12498190
    0.16058980
    0.04367092
    0.04472349
   -0.12529145
   -0.12369276
    0.16054419
    0.04384790
    0.04414032
   -0.12449994
   -0.12403248
    0.16372537
    0.03992073
    0.04216151
   -0.13105857
   -0.12546456
    0.16077693
    0.04439940
    0.04454728
   -0.12531959
   -0.12440403
    0.16079404
    0.04452033
    0.04462686
   -0.12514028
   -0.12480095
    0.16059982
    0.04434183
    0.04422276
   -0.12425217
   -0.12491224
    0.16107050
    0.04558651
    0.04407484
   -0.12157960
   -0.11843673
    0.16270840
    0.04457811
    0.04121268
   -0.12532801
   -0.12878358
    0.16059518
    0.04430669
    0.04432521
   -0.12464854
   -0.12457853
    0.16063629
    0.04465365
    0.04366514
   -0.12398694
   -0.12496814
    0.16057438
    0.04434167
    0.04419186
   -0.12465856
   -0.12444936
    0.16116432
    0.04470422
    0.04481693
   -0.12329437
   -0.12739111
    0.16073023
    0.04428152
    0.04437203
   -0.12542051
   -0.12396327
    0.16072084
    0.04346469
    0.04554431
   -0.12593509
   -0.12379475
    0.16239428
    0.04566374
    0.04701087
   -0.11939600
   -0.13120957
    0.16103644
    0.04471780
    0.04398053
   -0.12462845
   -0.12510632
    0.16373663
    0.04363136
    0.04519351
   -0.12883203
   -0.12819276
    0.16082637
    0.04490139
    0.04395426
   -0.12455055
   -0.12513148
    0.14974318
    0.04226440
    0.04464832
   -0.07010941
   -0.13391828
    0.16122901
    0.04538644
    0.04528403
   -0.11849504
   -0.12779205
    0.16126943
    0.04559710
    0.04429431
   -0.12631670
   -0.12484416
