$gradient
  cycle =      1    SCF energy =  -350.43907838398   |dE/dxyz| =  0.175251
   55.07798086410592     47.44180428312434     91.20584093125998      C 
   54.71415570653962     46.44530076745929     89.48446877705970      H 
   55.67920473377862     46.13508902480050     92.62694319102073      H 
   57.46504110928728     49.70089984592309     90.69578500028516      Cl
   52.30042953848773     48.97118783977982     92.20979941579502      Cl
   51.16631428946890     36.61036946296596     50.29793419316621      C 
   52.80152816846287     35.42963467477798     50.15490461551580      H 
   49.80385400536674     36.04525069728053     48.91487589621671      H 
   49.84848366311130     36.31564402446168     53.33737318946774      Cl
   52.03550507820385     39.77677914580079     49.76870132325792      Cl
   27.42347809881324     34.63465720352383     68.78531779691365      C 
   28.05497159874179     32.72067473194143     68.94780966211587      H 
   27.31637977036277     35.14551815775304     66.83184383244284      H 
   24.41664065458898     34.93181471932487     70.17541154357238      Cl
   29.56775580265865     36.64543332795517     70.34113672987384      Cl
    2.53735392938087     31.58298412142654     38.34699737475492      C 
    1.91675092009812     32.58957310448299     39.98716044601009      H 
    4.55520707749233     31.45398575894966     38.35876280851524      H 
    1.23081441557031     28.52448345947443     38.36293343368534      Cl
    1.54561441283399     33.19796848413328     35.61386594730091      Cl
   75.01742043866361     74.91055832595679     62.92967691015294      C 
   76.58940786684599     76.17328265390694     63.08098915663913      H 
   73.66442768156743     75.34320352314460     64.36868432328328      H 
   73.60331961354500     75.25409916518333     59.93901929950656      Cl
   76.07130359305312     71.77837346978970     63.30447948575870      Cl
   45.48144604702024     55.41882128495091     33.21913908394325      C 
   45.24050409875889     57.38082358263090     32.79368429399253      H 
   47.16472888498648     54.73799459939001     32.32945232756223      H 
   45.72902282308957     55.02069571167893     36.51184671087341      Cl
   42.86141849708357     53.70959817887866     32.08965366350021      Cl
   28.31528512770938     34.34440852579342     20.39139021204351      C 
   26.50869767155150     33.62977086354769     20.95178655258164      H 
   28.08020132989086     35.64722150003196     18.86301576904495      H 
   29.73928622707635     35.89869300128279     22.96396674339332      Cl
   30.24954624845369     31.82266373275375     19.41100416900001      Cl
   12.53604132573648     88.24422462900240     36.79720855729893      C 
   12.72313931252450     88.73903425101827     34.84562620850337      H 
   13.58278887494145     86.55432208103576     37.16742287829980      H 
   13.71564605780679     90.71505453579016     38.68540004912531      Cl
    9.32693517480324     87.73916135398562     37.51014546619029      Cl
   75.28819171103460     58.96112769471613     38.20505816897726      C 
   74.63201650048228     57.08644018452343     38.58386507386958      H 
   76.01727821788866     59.77653499320814     39.90566223499476      H 
   77.69183052196914     58.85159917869488     35.90891830839443      Cl
   72.76462711190577     60.81302322023438     37.08085264283654      Cl
   79.77094669563088     51.24987419149492     77.01777283475863      C 
   80.40903533912247     51.11798454831563     78.93192160222455      H 
   80.87389847401984     50.01862891840818     75.85328213083079      H 
   76.57052194570871     50.36014775086897     76.85223473132615      Cl
   80.10759948377223     54.38176614013989     75.95023452065949      Cl
   44.29976828558355     25.00590444872858     38.36719287597506      C 
   44.23977326614526     25.74764456053913     40.24728122293086      H 
   46.08395115088657     24.10763644681180     38.05363631838602      H 
   41.85582917905429     22.78472245765058     37.97319068472444      Cl
   43.90766148946008     27.48455215176858     36.18446869769121      Cl
   92.67289187747789     57.07255825769989     18.78489071884911      C 
   92.80058443932380     59.04988056365083     18.38190099098363      H 
   94.43940580515498     56.41915149566329     19.52041930146432      H 
   90.27594836558170     56.55141719430650     21.03095473150150      Cl
   91.95413461266270     55.41603960835354     15.99185308907643      Cl
    9.91481946899986     56.98320634563927     50.21384327814842      C 
    8.63771432657556     58.06389904207146     51.34945896957099      H 
    9.48759967501249     55.01613769268922     50.40524039147110      H 
    9.59706394035148     57.88177859343389     47.02741383860675      Cl
   13.03594753863762     57.54260113142428     51.21752019351701      Cl
   41.77244313181561      7.73439697692225     26.40345505398324      C 
   41.49769209659538      9.11776707865338     27.85235329273220      H 
   40.74500669208651      8.27804278664582     24.74896408058049      H 
   45.01074743839144      7.51855436871947     25.67645291485126      Cl
   40.67606004082640      4.78057201475362     27.46862365174195      Cl
   70.09178361141218     84.03595611799344     86.80883226161306      C 
   69.89549588733273     82.02591131750447     86.71029817116481      H 
   69.05542955492835     84.88929399573973     85.29678316109049      H 
   68.90515098853643     85.12441180862535     89.71896864955988      Cl
   73.30593533063005     84.85011430763295     86.54788378472651      Cl
   85.49422739745091     61.85035615475994     18.87326375286799      C 
   85.70327266141408     62.19261764951881     20.85509872438585      H 
   85.05466202383677     63.58528142346858     17.93234652600152      H 
   88.33297560821114     60.61716446394541     17.65569442647630      Cl
   83.03465647786906     59.66686852719257     18.37867333906223      Cl
   26.26117569753470     36.55828861580333      3.95511893311515      C 
   27.89189202876934     35.39846553497027      4.24509171085696      H 
   26.41084199271904     38.22684292972075      5.08738980960746      H 
   26.06295667353507     37.41010148470855      0.74624899792557      Cl
   23.53091098434578     34.86968241983792      4.82460073964630      Cl
   84.87488672510229      7.01562648402541     10.38414802631542      C 
   86.15546329409545      5.53010535637907     10.87594164571622      H 
   83.77322373981075      7.51934427416628     12.00313482858277      H 
   86.59659902997343      9.66536052588503      9.34667903152150      Cl
   82.85888739814709      5.98082200282000      7.94967455706619      Cl
   76.01558880288998     47.58108653421729     91.94239752479160      C 
   74.35936495079173     46.71103403044945     91.17529729074150      H 
   77.16927027438783     48.27959349575982     90.43587209321882      H 
   75.12799208340888     50.10345304709428     93.92016580606658      Cl
   77.72979889574242     45.34089201036341     93.70442335333911      Cl
   86.11932039558920     92.49955865450455     18.04764626507194      C 
   86.61641469627777     93.20035029471977     19.87802915038337      H 
   86.93916477061013     90.67060062255888     17.78067523158497      H 
   82.80960523511536     92.27672217056342     17.80711249761564      Cl
   87.26285214901337     94.57807578504035     15.71658804839800      Cl
   20.91158830218819     53.43605278881410     20.02082629174202      C 
   20.37393859290174     54.26711457707008     18.25765339954329      H 
   22.56341476200244     54.36382886142916     20.72737781665070      H 
   18.42915547807175     53.77372035979022     22.20834470475923      Cl
   21.56135545204645     50.20534707028038     19.57130584182699      Cl
   51.98526671384179     26.40167304241305     67.32263211763862      C 
   54.00467132695763     26.37893397006516     67.22263915875752      H 
   51.22179286388837     26.67696453925477     65.47064966472671      H 
   50.90328900376407     23.50545070663089     68.54858048888948      Cl
   51.00141113395538     28.88248448166499     69.30740750273360      Cl
   28.35687421640151     60.56194478198100      6.01997523476349      C 
   29.50311772656293     58.99938897601156      5.44286993738166      H 
   28.09283981703976     61.81761098351052      4.45725313291051      H 
   25.40054158789816     59.44506194389381      7.05650881521251      Cl
   29.86209006789143     62.18362255400016      8.50316205953370      Cl
    4.87826139770254     22.79822265983236     90.27968057433156      C 
    4.23864396591796     21.45962961446983     91.65357181070101      H 
    3.84791478001152     24.52518273366471     90.49064013068137      H 
    8.12214795473260     23.38102359122537     90.72607919697836      Cl
    4.38122756824433     21.57660743018322     87.22642957106660      Cl
   54.36107175126913     49.48357002339822     58.66269272417338      C 
   52.94276061673550     50.46157501174559     57.60419863846757      H 
   55.59056713812684     50.82590094668846     59.54303289600918      H 
   52.90882680786397     47.61246354387942     60.99757574616869      Cl
   56.12389315444129     47.53804613599610     56.62084761540963      Cl
    7.52395520548256     21.42582052751095     81.49669356540377      C 
    5.54848294123599     20.99475703094271     81.48246392900558      H 
    8.49848687753514     20.08316268163149     82.65258034708445      H 
    8.71164229543802     21.28569734837057     78.39322876421410      Cl
    7.98268051049662     24.48346703333397     82.72229611680594      Cl
   11.44651605021727     67.99234343516575     29.39606664126119      C 
   10.07826375608052     67.06907057948787     30.56395507244586      H 
   11.79064459421405     69.85463812258297     30.10454757636411      H 
   14.28184763646118     66.25400343166673     29.42415930722344      Cl
   10.29572019024400     68.18612727236240     26.28160930422445      Cl
   51.06641392715931     55.13381659672980     90.32050243428827      C 
   50.44099589615775     56.24117710575847     91.89248041384093      H 
   53.08548216905617     55.02556553545026     90.33309745774035      H 
   49.79052765797231     52.07055571511142     90.54474109488379      Cl
   50.04994356711398     56.55367730654186     87.48986492730243      Cl
   29.51049332694304     45.73361863659826      3.32282796883600      C 
   31.15330957343103     46.88455433629178      3.57780869117467      H 
   27.93051991689893     46.60187968016615      4.23842475770784      H 
   28.87238767591790     45.41645270244606      0.07414339762068      Cl
   30.04523285826757     42.72949105938528      4.64608021894214      Cl
    4.20959320889942     30.57348873986006     71.95270446806427      C 
    5.77060510876828     30.93704744606751     73.18541427876171      H 
    2.83038239398269     29.45758666954056     72.92278394578028      H 
    2.84252388320692     33.45681180631232     71.01499788558563      Cl
    5.27762285174537     28.92766215993484     69.26713177357622      Cl
  -6.2022839767452E-03   5.0200219847027E-03  -1.0782126459814E-02
   2.6421051434932E-03   4.4799573323485E-03   1.1407658318640E-02
  -8.2469399601752E-03   9.3116743108839E-03  -8.7895231514672E-03
  -4.2439070662251E-03  -1.8353351255847E-03   1.3696091605566E-03
  -4.5001807393293E-02   5.6355375535302E-02  -2.3893265911845E-02
   1.5146063883250E-03  -1.0338315467589E-02  -8.8095545009122E-03
  -1.1025966869810E-02   6.6181119574673E-03  -3.5231207850707E-04
   9.6310048863392E-03   2.3780680455598E-03   8.1933921584077E-03
   1.8625972313881E-03   3.6775767817648E-03  -2.7020590805383E-03
  -2.0049620063591E-03  -2.4114188980778E-03   3.6222891056142E-03
   3.0220999418228E-03  -8.1325419970664E-03  -1.0385667235616E-02
  -3.8901006431829E-03   1.1957591167264E-02  -2.6811269798527E-03
   1.1962663436389E-03  -4.7412624766864E-03   1.1892196504339E-02
   4.3980671785192E-03   1.9717172652987E-03   7.2931218711756E-04
  -4.7226915786545E-03  -1.0568357512171E-03   4.4147905718798E-04
   8.0906539276675E-03   5.0853516957447E-03   9.5696744497892E-03
   5.4916544140335E-03  -6.1680857876649E-03  -9.8574989624132E-03
  -1.2679863939974E-02   1.6528674818432E-03   1.3582441365884E-03
  -1.7314947102668E-04   3.8580481655721E-03  -2.9716055670485E-03
  -7.3080442092677E-04  -4.4278772747915E-03   1.9006419226540E-03
   1.2530322808758E-03   9.8353578344963E-03   9.1943155412474E-03
  -1.0634633945019E-02  -7.2203062298021E-03   3.4464144862465E-04
   9.5098009114168E-03  -1.5032702362450E-03  -8.5234482035439E-03
   2.1226434626149E-03  -3.6296445421907E-03   2.4798084500443E-03
  -2.2525908670124E-03   2.5213340094277E-03  -3.4915561330493E-03
   8.3652384574983E-03   7.4311741415978E-03  -7.6208839525928E-03
   2.9164130431855E-03  -1.2395251536927E-02   1.7826303306373E-03
  -1.0336069222738E-02   5.8059404775196E-03   4.9800959810930E-03
  -3.0127115870013E-03  -1.5792710853160E-03  -3.4898575515578E-03
   2.0649235992424E-03   7.3847180441398E-04   4.3468041849879E-03
  -1.1784118891258E-02   3.3419158369301E-03  -5.7100488006862E-03
   1.0655767007395E-02   5.4377470081956E-03  -4.6960875096426E-03
  -1.5880503351470E-04  -8.4542991275655E-03   9.6853293692733E-03
   1.1221938310489E-03  -3.7768819561163E-03  -2.7706219271376E-03
   1.8085177899504E-04   3.4392378435920E-03   3.5007997626215E-03
   7.1133376489968E-03  -6.9677580118772E-03  -9.1753187903835E-03
  -2.1145503393634E-04  -4.4468699042865E-03   1.2065799018567E-02
  -6.1342501307496E-03   1.0601481978017E-02  -3.9265313461105E-03
  -4.2818607172734E-03  -2.2301863438897E-03  -5.1721039407427E-04
   3.5108783622571E-03   3.0427619430951E-03   1.5546863925495E-03
   4.2229600340707E-04  -6.1150072828206E-03   1.2026645964064E-02
   4.5816391586203E-03   1.1984258529837E-02  -7.9304662370425E-04
  -4.9563898285962E-03  -6.5391875624425E-03  -9.8972228069932E-03
  -4.3937492249766E-03   2.0667461091214E-03   3.7234074450714E-04
   4.3425358881216E-03  -1.4029970710858E-03  -1.7037482359758E-03
   1.0002212089581E-02  -8.0051857816362E-03   4.4289092429427E-03
  -2.8792968710505E-03  -2.7124455507160E-04  -1.2535567280905E-02
  -6.0738257329720E-03   7.3004896912394E-03   8.6700767019352E-03
   2.6205525279630E-03   4.0358848298473E-03  -1.0871229674619E-03
  -3.6822405972394E-03  -3.0586310170046E-03   5.1613607923109E-04
   1.0020783573212E-02  -9.3717515226901E-04   9.1432442597862E-03
   1.9180555301316E-03  -5.2410885528774E-03  -1.1591826029280E-02
  -1.0789666179644E-02   6.0566630437784E-03   3.5217065810476E-03
   1.2516625452755E-03   4.2287250426332E-03  -2.1008722357807E-03
  -2.3984486469048E-03  -4.0905669355822E-03   1.0358720458433E-03
   9.5714698765845E-03   9.1841000291366E-03   1.6083112749958E-03
   5.8842899194901E-04  -1.2100193991109E-02   2.8471788771256E-03
  -1.0455599854108E-02   5.8648159488246E-03  -4.9076635743414E-03
  -3.2274525937464E-03   5.3293611851340E-03  -9.8004259016865E-03
  -2.3185877139312E-03   5.8888284083603E-04   4.0627054021754E-03
  -9.9158038121688E-03  -5.1150143438997E-03   7.6178092367866E-03
   7.3127541181894E-03  -8.2148133532531E-03  -6.6591236461481E-03
   1.4594188316556E-03   1.2772642138562E-02  -1.5587277275440E-04
   3.6083677983205E-03  -3.2470866923186E-05   3.3235960889329E-03
  -2.4638796866373E-03   5.8508403753830E-04  -4.1235148809251E-03
  -7.4981472579876E-03   1.1149565641379E-02  -1.1905896367091E-03
   7.5567893611592E-04  -7.8481231490691E-03  -1.0155713219146E-02
   5.9366571529903E-03  -2.0642112833915E-03   1.1213309777753E-02
  -3.4441087790580E-03  -3.0483853317761E-03   1.6520806269263E-03
   4.2524076438495E-03   1.8002779385145E-03  -1.5235052357476E-03
  -7.0991746554052E-03  -6.7034584783132E-03  -9.3777963629422E-03
   2.7557100175046E-04   1.2837643683948E-02  -7.2184984607328E-04
   6.0628595865665E-03  -6.8851879935562E-03   9.0151260028794E-03
   4.2904676637363E-03   1.3824177011856E-04  -2.2649430045043E-03
  -3.5274088110908E-03   6.1464155203704E-04   3.3481680651694E-03
   2.2698390533449E-04   1.1670787241507E-02   6.0349381716124E-03
  -1.7755765075978E-03  -4.8752157959310E-04  -1.2768225558992E-02
   2.8653582406060E-03  -1.0178069449788E-02   7.3449283011370E-03
   4.8382041335737E-04  -9.7325987042309E-03   6.5599273914225E-03
   4.0490426733882E-03  -1.3306873639607E-04  -9.8996320988548E-04
   1.0109942756798E-02   2.7750697391582E-03   8.4665430056862E-03
  -9.6591824422170E-03   8.3753347690476E-03  -7.5272749268134E-04
   1.1188577128463E-04  -1.1584085680401E-02  -6.3983244442819E-03
  -2.8255641064764E-03  -2.4867263243591E-03   2.9402361290394E-03
   1.7424508231569E-03   2.0862581554278E-03  -4.1317378721026E-03
   1.0422303673841E-03  -5.6856339727620E-03   1.2233011295282E-02
  -8.6649276918885E-03   9.3772045903047E-03  -1.5500369539906E-03
   7.7436111264100E-03  -4.3244990344062E-03  -9.3137277199244E-03
  -3.3763884127574E-03  -2.9529956279548E-03  -1.9229826011603E-03
   3.2557622123358E-03   3.5859763362077E-03   5.5395866805545E-04
  -2.8285313244301E-03  -1.0576752618560E-03  -1.3217488248674E-02
   1.0967408802407E-02   5.8453395415664E-03   3.3059787257587E-03
  -8.3858141412195E-03  -4.9584527409284E-03   8.4019606100028E-03
   2.4413070275535E-03  -4.1313670574032E-03   5.8236064982418E-04
  -2.1717084895770E-03   4.2961297016534E-03   9.3594921903223E-04
   7.6219224165089E-03  -6.5566681491678E-03   9.0675313399959E-03
  -2.2765442029381E-03  -5.8085195145658E-03  -1.1247083459424E-02
  -4.5004348062926E-03   1.1617253719949E-02   3.1992819218193E-03
   3.5293898525659E-03   2.4137120387495E-03  -2.3620810696199E-03
  -4.3744473127983E-03  -1.6667254052895E-03   1.3418286756450E-03
   6.6405547786010E-03   9.9019179363365E-03  -6.2852233100151E-03
   4.6606131064910E-03  -4.1689593545077E-03   1.1228226386193E-02
  -1.0410686677981E-02  -4.8314340028020E-03  -5.7758297320633E-03
   2.2956590895718E-03  -3.6756243701387E-03  -1.8857252518133E-03
  -3.1925833961519E-03   2.7586045384309E-03   2.7366644361634E-03
   7.2844781935548E-03   1.3239564851315E-03  -1.1332421640879E-02
  -1.2813032799051E-02   3.8400804535138E-04  -1.0108800869189E-03
   6.3525966495337E-03  -1.6706408575086E-03   1.1053885175014E-02
  -3.0866249782463E-04   4.7341533269680E-03   1.2983039552488E-03
  -5.1176812269785E-04  -4.7858367230708E-03  -8.3624362259625E-06
   4.9903915918875E-03  -1.9707035258332E-03  -1.2384485447499E-02
  -7.1199654500682E-03   1.0501303486770E-02   2.1206963406993E-03
   2.5999827950939E-03  -8.9022500434327E-03   8.8949933875568E-03
   3.7215273120114E-03   2.6289635430180E-03   1.9201669939479E-03
  -4.1932781088753E-03  -2.2383876118717E-03  -5.5780398155079E-04
  -1.0488325436796E-02   1.6297886094784E-03   8.0845777685443E-03
   2.9992636366447E-03   9.6085550730862E-03  -7.9418327232712E-03
   5.6782948267431E-03  -1.1491206212897E-02   9.4338787739688E-05
  -2.2370070125673E-03  -1.5166267896955E-03  -3.2901929853195E-03
   4.6902152069751E-03   2.5777071553579E-03   2.6470198072151E-03
  -1.0330118168596E-03   1.3483177776917E-02  -1.0330542720927E-03
   9.5996738119290E-03  -4.7000934429238E-03   7.1382699580108E-03
  -8.6342083604631E-03  -7.2188012726827E-03  -6.2162013975697E-03
   2.8779132792921E-03  -8.2658063631303E-04  -3.7911002908424E-03
  -2.7931397445897E-03  -6.5777044144780E-04   3.9491133463792E-03
  -5.8305757619047E-03  -1.0147687876610E-02   6.4375064277163E-03
   1.2663993033144E-02   1.3226927869955E-03   7.9692952041574E-04
  -7.3953529112672E-03   7.5314636959557E-03  -7.1553744772426E-03
  -2.7448616526972E-04   3.2767259783862E-03   3.5077664578663E-03
   2.4396576163531E-04  -2.8572030516453E-03  -3.1105604442550E-03
  -5.9452532697199E-03   5.5052128932789E-03   1.0825362993112E-02
   8.5284035306198E-03   7.1770522368010E-03  -6.4025707001760E-03
  -3.2599904029212E-03  -1.2008286118939E-02  -3.2430873195857E-03
  -3.1916580126303E-03   1.3775479607581E-03  -3.3738758309503E-03
   3.8587070772038E-03  -2.0341909866037E-03   2.1993322662152E-03
   1.3590725897277E-02   1.2979587835402E-03   8.9378859249889E-03
   4.9873031288142E-03  -7.5549491924489E-03  -9.6692246204017E-03
  -1.2764161706265E-02   2.2794089399043E-03   1.5392597093482E-03
   5.6052114389472E-02  -6.3079719883898E-02   2.5559940457659E-02
  -8.2096186168911E-04  -6.2726044357915E-03   4.3227832657388E-03
   8.3099674481414E-04   1.1045882341511E-02   7.8549335252752E-03
  -1.1293347796118E-02  -5.9974116137079E-03  -8.5276581834779E-04
   1.0921050642321E-02  -4.1621939670611E-03  -5.3606659195652E-03
   9.3146556527871E-04  -2.9181844828171E-03   3.0653958621781E-03
  -8.6898458093251E-04   2.8682484467169E-03  -4.8683287238911E-03
   9.1187182273458E-04  -4.2218978426308E-03   1.2704386929377E-02
  -1.0584137330826E-02  -3.1532284964057E-03  -6.5650597890370E-03
   9.6490784356837E-03   7.0243349493113E-03  -4.7593339655251E-03
   2.1413693661424E-03  -3.8145124303081E-03  -2.2405850925471E-03
  -2.1748291572821E-03   4.2284079209719E-03   7.9683544663256E-04
$end
