           1           2  0.99391430557303395     
           1           3  0.99359390754828003     
           1           4  0.96217599386722430     
           1           5  0.93847076194605661     
           6           7  0.99385428715227220     
           6           8  0.99385929534271866     
           6           9  0.97222036738183215     
           6          10  0.97302596803218500     
          11          12  0.99375559441190975     
          11          13  0.99377712528954398     
          11          14  0.97242346504464250     
          11          15  0.97250681062944000     
          16          17  0.99376646705982152     
          16          18  0.99375658637376452     
          16          19  0.97248137162278159     
          16          20  0.97247392127830679     
          21          22  0.99375286510766492     
          21          23  0.99376733289853647     
          21          24  0.97241470620637283     
          21          25  0.97253419653008322     
          26          27  0.99377284410610667     
          26          28  0.99376565207908618     
          26          29  0.97245805180798683     
          26          30  0.97248633830186304     
          31          32  0.99367101637752941     
          31          33  0.99383809048056126     
          31          34  0.97267557885604583     
          31          35  0.97215385360271955     
          36          37  0.99375688029338849     
          36          38  0.99379247747263721     
          36          39  0.97264203603986277     
          36          40  0.97239798225939089     
          41          42  0.99372664726763138     
          41          43  0.99375190483384657     
          41          44  0.97241391380550424     
          41          45  0.97240399880058914     
          46          47  0.99388707579606272     
          46          48  0.99368668717189335     
          46          49  0.97220877847372644     
          46          50  0.97286759080636831     
          51          52  0.99384492343204378     
          51          53  0.99378931776380786     
          51          54  0.97250101560428770     
          51          55  0.97269066326820552     
          56          57  0.98889391669056381     
          56          58  0.99340380426519648     
          56          59  0.97075729835107216     
          56          60  0.97243655531725182     
          61          62  0.99376323524089349     
          61          63  0.99373510770852425     
          61          64  0.97224914714347122     
          61          65  0.97262771874037812     
          66          67  0.99374460093623618     
          66          68  0.99372411098457691     
          66          69  0.97234010665329795     
          66          70  0.97248187294981914     
          71          72  0.99376184082108232     
          71          73  0.99378461737481993     
          71          74  0.97265378007361170     
          71          75  0.97238151379304316     
          76          77  0.99342849737700345     
          76          78  0.99377166245469595     
          76          79  0.96355735082149085     
          76          80  0.97513543385446644     
          81          82  0.99373369970022429     
          81          83  0.99261113697614956     
          81          84  0.97248347474217745     
          81          85  0.97102939951296730     
          86          87  0.99376957612066652     
          86          88  0.99376600721786157     
          86          89  0.97249618831302820     
          86          90  0.97252496114631382     
          91          92  0.99369870012698269     
          91          93  0.99388697625326938     
          91          94  0.97274076033023626     
          91          95  0.97234149681408066     
          96          97  0.99376053381852814     
          96          98  0.99378914197352919     
          96          99  0.97248265289317437     
          96         100  0.97256972596809765     
         101         102  0.99372636968713601     
         101         103  0.99370475049210105     
         101         104  0.97314136734137280     
         101         105  0.97145100051705779     
         106         107  0.99377993695718070     
         106         108  0.99376263076505345     
         106         109  0.97218428472037699     
         106         110  0.97277819731178605     
         111         112  0.99394165736934770     
         111         113  0.99354443979990603     
         111         114  0.97199748440511391     
         111         115  0.97288055476790247     
         116         117  0.99354462689125789     
         116         118  0.99330239123371322     
         116         119  0.97503529243702314     
         116         120  0.96693223953751739     
         121         122  0.99370524954988249     
         121         123  0.99384586530639007     
         121         124  0.97252492472983554     
         121         125  0.97231731797029020     
         126         127  0.99320658047388188     
         126         128  0.99325426624923874     
         126         129  0.97112727989347780     
         126         130  0.97143393422366797     
         131         132  0.99366726806467764     
         131         133  0.99384802759907520     
         131         134  0.97255699824679998     
         131         135  0.97232340217196378     
         136         137  0.99388337096952661     
         136         138  0.99216272479342149     
           5         139  0.18649286665188258     
         136         139  0.96031124230384679     
         136         140  0.96439164501930341     
         141         142  0.99353818315741538     
         141         143  0.99362968260228068     
         141         144  0.97517340045277179     
         141         145  0.96838832048075052     
         146         147  0.99356384669210851     
         146         148  0.99381350412272051     
         146         149  0.97193728123614820     
         146         150  0.97253425736137455     
