#Coor		Free	+/-		Prob		+/-
1.703000	1.602763	nan	0.002547	nan
1.709000	1.391938	nan	0.003635	nan
1.715000	1.164370	nan	0.005339	nan
1.721000	0.984132	nan	0.007238	nan
1.727000	0.824381	nan	0.009480	nan
1.733000	0.664415	nan	0.012420	nan
1.739000	0.526196	nan	0.015685	nan
1.745000	0.409263	nan	0.019109	nan
1.751000	0.315675	nan	0.022380	nan
1.757000	0.238542	nan	0.025494	nan
1.763000	0.167236	nan	0.028756	nan
1.769000	0.109971	nan	0.031676	nan
1.775000	0.067247	nan	0.034045	nan
1.781000	0.035894	nan	0.035896	nan
1.787000	0.009465	nan	0.037535	nan
1.793000	0.000000	nan	0.038139	nan
1.799000	0.004570	nan	0.037846	nan
1.805000	0.007257	nan	0.037675	nan
1.811000	0.014253	nan	0.037232	nan
1.817000	0.031254	nan	0.036179	nan
1.823000	0.043391	nan	0.035445	nan
1.829000	0.045708	nan	0.035306	nan
1.835000	0.057303	nan	0.034622	nan
1.841000	0.072262	nan	0.033758	nan
1.847000	0.089778	nan	0.032774	nan
1.853000	0.126754	nan	0.030791	nan
1.859000	0.155328	nan	0.029340	nan
1.865000	0.182983	nan	0.028001	nan
1.871000	0.236917	nan	0.025564	nan
1.877000	0.291625	nan	0.023308	nan
1.883000	0.372673	nan	0.020327	nan
1.889000	0.432937	nan	0.018360	nan
1.895000	0.509664	nan	0.016129	nan
1.901000	0.595890	nan	0.013943	nan
1.907000	0.687099	nan	0.011953	nan
1.913000	0.792185	nan	0.010009	nan
1.919000	0.890480	nan	0.008479	nan
1.925000	0.989277	nan	0.007176	nan
1.931000	1.095500	nan	0.005997	nan
1.937000	1.205456	nan	0.004981	nan
1.943000	1.316826	nan	0.004127	nan
1.949000	1.418465	nan	0.003476	nan
1.955000	1.532927	nan	0.002865	nan
1.961000	1.634426	nan	0.002414	nan
1.967000	1.720257	nan	0.002088	nan
1.973000	1.804968	nan	0.001810	nan
1.979000	1.898652	nan	0.001545	nan
1.985000	1.971840	nan	0.001365	nan
1.991000	2.050365	nan	0.001196	nan
1.997000	2.117501	nan	0.001068	nan
2.003000	2.172887	nan	0.000972	nan
2.009000	2.244712	nan	0.000861	nan
2.015000	2.295340	nan	0.000791	nan
2.021000	2.374771	nan	0.000691	nan
2.027000	2.415628	nan	0.000645	nan
2.033000	2.488565	nan	0.000571	nan
2.039000	2.519187	nan	0.000542	nan
2.045000	2.595306	nan	0.000476	nan
2.051000	2.637776	nan	0.000444	nan
2.057000	2.724572	nan	0.000383	nan
2.063000	2.749446	nan	0.000367	nan
2.069000	2.782691	nan	0.000347	nan
2.075000	2.823950	nan	0.000324	nan
2.081000	2.848779	nan	0.000311	nan
2.087000	2.847488	nan	0.000311	nan
2.093000	2.847620	nan	0.000311	nan
2.099000	2.833247	nan	0.000319	nan
2.105000	2.818485	nan	0.000327	nan
2.111000	2.799039	nan	0.000338	nan
2.117000	2.773728	nan	0.000353	nan
2.123000	2.750067	nan	0.000367	nan
2.129000	2.713341	nan	0.000390	nan
2.135000	2.674718	nan	0.000417	nan
2.141000	2.634982	nan	0.000446	nan
2.147000	2.587198	nan	0.000483	nan
2.153000	2.554733	nan	0.000510	nan
2.159000	2.498080	nan	0.000561	nan
2.165000	2.462723	nan	0.000596	nan
2.171000	2.396399	nan	0.000667	nan
2.177000	2.344167	nan	0.000728	nan
2.183000	2.294973	nan	0.000791	nan
2.189000	2.220360	nan	0.000897	nan
2.195000	2.150724	nan	0.001009	nan
2.201000	2.082048	nan	0.001134	nan
2.207000	1.998004	nan	0.001306	nan
2.213000	1.926785	nan	0.001473	nan
2.219000	1.853131	nan	0.001669	nan
2.225000	1.779389	nan	0.001890	nan
2.231000	1.713217	nan	0.002113	nan
2.237000	1.655692	nan	0.002329	nan
2.243000	1.589920	nan	0.002602	nan
2.249000	1.533774	nan	0.002861	nan
2.255000	1.473742	nan	0.003166	nan
2.261000	1.419108	nan	0.003472	nan
2.267000	1.352561	nan	0.003885	nan
2.273000	1.289693	nan	0.004321	nan
2.279000	1.218957	nan	0.004869	nan
2.285000	1.154452	nan	0.005429	nan
2.291000	1.070160	nan	0.006260	nan
2.297000	0.991533	nan	0.007148	nan
#Window		Free	+/-	
#0	0.000000	nan
#1	-0.802294	nan
#2	0.897855	nan
#3	0.660670	nan
#4	0.829170	nan
#5	-0.193912	nan
#6	-1.713527	nan
#7	0.887748	nan
#8	-1.370519	nan
#9	0.757044	nan
#10	-0.283848	nan
#11	0.907108	nan
#12	-1.344130	nan
#13	-0.308820	nan
#14	-0.301878	nan
#15	0.753692	nan
#16	0.836100	nan
#17	-0.380850	nan
#18	-0.305056	nan
#19	0.799386	nan
#20	-0.102689	nan
#21	-0.835833	nan
#22	-0.475249	nan
#23	-1.436289	nan
#24	0.881572	nan
#25	-1.027583	nan
#26	-0.210949	nan
#27	-1.726403	nan
#28	-1.725991	nan
#29	0.373446	nan
#30	0.655174	nan
#31	0.908586	nan
#32	0.311225	nan
#33	-1.655782	nan
#34	-1.219152	nan
#35	-0.157823	nan
#36	-1.680317	nan
#37	-1.151131	nan
#38	0.858235	nan
#39	-0.239244	nan
#40	-1.001595	nan
#41	-1.283910	nan
#42	-1.216081	nan
#43	-1.722268	nan
#44	-0.201645	nan
#45	-0.673860	nan
#46	-0.109543	nan
#47	0.865829	nan
#48	-1.624861	nan
#49	-0.659506	nan
#50	-0.568848	nan
#51	0.121563	nan
#52	-1.661888	nan
#53	0.160856	nan
#54	0.243203	nan
#55	-1.077740	nan
#56	-1.712480	nan
#57	-0.253417	nan
#58	-0.920434	nan
#59	-1.588244	nan
#60	-1.544381	nan
#61	-0.269244	nan
#62	0.609028	nan
#63	0.247413	nan
#64	0.709579	nan
#65	0.395882	nan
#66	0.076670	nan
#67	-1.637301	nan
#68	0.553394	nan
#69	0.902217	nan
#70	-1.699769	nan
#71	0.435586	nan
#72	-1.721351	nan
#73	0.183641	nan
#74	-1.682845	nan
#75	0.467143	nan
#76	0.596463	nan
#77	-0.918784	nan
#78	-0.287877	nan
#79	-1.493501	nan
#80	0.793989	nan
#81	-1.575424	nan
#82	-0.291722	nan
#83	-1.495748	nan
#84	-1.699610	nan
#85	-1.537806	nan
#86	-1.398878	nan
#87	-0.056078	nan
#88	-1.608192	nan
#89	-1.298030	nan
#90	0.533325	nan
#91	0.708262	nan
#92	0.322009	nan
#93	-0.011796	nan
#94	0.059767	nan
#95	0.495078	nan
#96	-0.749659	nan
#97	-1.449967	nan
#98	-1.125478	nan
#99	-0.154441	nan
