#Coor		Free	+/-		Prob		+/-
1.703000	1.848919	nan	0.003041	nan
1.709000	1.696004	nan	0.003937	nan
1.715000	1.311922	nan	0.007530	nan
1.721000	1.137039	nan	0.010117	nan
1.727000	1.058333	nan	0.011555	nan
1.733000	0.968432	nan	0.013449	nan
1.739000	0.814001	nan	0.017457	nan
1.745000	0.681888	nan	0.021820	nan
1.751000	0.525556	nan	0.028412	nan
1.757000	0.465347	nan	0.031452	nan
1.763000	0.370922	nan	0.036889	nan
1.769000	0.334985	nan	0.039197	nan
1.775000	0.248437	nan	0.045366	nan
1.781000	0.177799	nan	0.051113	nan
1.787000	0.184825	nan	0.050510	nan
1.793000	0.114792	nan	0.056851	nan
1.799000	0.097970	nan	0.058489	nan
1.805000	0.000000	nan	0.069012	nan
1.811000	0.103803	nan	0.057916	nan
1.817000	0.184664	nan	0.050524	nan
1.823000	0.217190	nan	0.047824	nan
1.829000	0.268588	nan	0.043848	nan
1.835000	0.337334	nan	0.039042	nan
1.841000	0.383227	nan	0.036131	nan
1.847000	0.423885	nan	0.033733	nan
1.853000	0.577777	nan	0.026013	nan
1.859000	0.656822	nan	0.022763	nan
1.865000	0.800650	nan	0.017855	nan
1.871000	0.930583	nan	0.014337	nan
1.877000	0.976551	nan	0.013266	nan
1.883000	1.163341	nan	0.009677	nan
1.889000	1.333794	nan	0.007257	nan
1.895000	1.467790	nan	0.005787	nan
1.901000	1.631247	nan	0.004391	nan
1.907000	1.752861	nan	0.003576	nan
1.913000	1.954152	nan	0.002546	nan
1.919000	2.062979	nan	0.002118	nan
1.925000	2.265049	nan	0.001506	nan
1.931000	2.462181	nan	0.001080	nan
1.937000	2.666687	nan	0.000764	nan
1.943000	2.821266	nan	0.000589	nan
1.949000	3.066050	nan	0.000389	nan
1.955000	3.301720	nan	0.000262	nan
1.961000	3.535532	nan	0.000176	nan
1.967000	3.740315	nan	0.000125	nan
1.973000	3.879087	nan	0.000099	nan
1.979000	4.084331	nan	0.000070	nan
1.985000	4.332146	nan	0.000046	nan
1.991000	4.520439	nan	0.000033	nan
1.997000	4.807769	nan	0.000021	nan
2.003000	5.044834	nan	0.000014	nan
2.009000	5.325863	nan	0.000009	nan
2.015000	5.523513	nan	0.000006	nan
2.021000	5.799381	nan	0.000004	nan
2.027000	6.063981	nan	0.000002	nan
2.033000	6.259112	nan	0.000002	nan
2.039000	6.527224	nan	0.000001	nan
2.045000	6.767400	nan	0.000001	nan
2.051000	6.995367	nan	0.000001	nan
2.057000	7.255975	nan	0.000000	nan
2.063000	7.556715	nan	0.000000	nan
2.069000	7.766839	nan	0.000000	nan
2.075000	8.040582	nan	0.000000	nan
2.081000	8.338810	nan	0.000000	nan
2.087000	8.598103	nan	0.000000	nan
2.093000	8.913882	nan	0.000000	nan
2.099000	9.226026	nan	0.000000	nan
2.105000	9.460790	nan	0.000000	nan
2.111000	9.673211	nan	0.000000	nan
2.117000	9.959172	nan	0.000000	nan
2.123000	10.245891	nan	0.000000	nan
2.129000	10.527162	nan	0.000000	nan
2.135000	10.855813	nan	0.000000	nan
2.141000	11.146134	nan	0.000000	nan
2.147000	11.388562	nan	0.000000	nan
2.153000	11.650682	nan	0.000000	nan
2.159000	11.961340	nan	0.000000	nan
2.165000	12.234009	nan	0.000000	nan
2.171000	12.557107	nan	0.000000	nan
2.177000	12.811378	nan	0.000000	nan
2.183000	13.025879	nan	0.000000	nan
2.189000	13.297771	nan	0.000000	nan
2.195000	13.619053	nan	0.000000	nan
2.201000	13.957068	nan	0.000000	nan
2.207000	14.240274	nan	0.000000	nan
2.213000	14.472660	nan	0.000000	nan
2.219000	14.703552	nan	0.000000	nan
2.225000	15.127051	nan	0.000000	nan
2.231000	15.316534	nan	0.000000	nan
2.237000	15.488862	nan	0.000000	nan
2.243000	15.674159	nan	0.000000	nan
2.249000	15.951875	nan	0.000000	nan
2.255000	16.079129	nan	0.000000	nan
2.261000	16.271725	nan	0.000000	nan
2.267000	16.499309	nan	0.000000	nan
2.273000	16.612774	nan	0.000000	nan
2.279000	17.144384	nan	0.000000	nan
2.285000	17.043171	nan	0.000000	nan
2.291000	17.110206	nan	0.000000	nan
2.297000	17.133672	nan	0.000000	nan
#Window		Free	+/-	
#0	0.000000	nan
#1	-11.180002	nan
#2	-4.787197	nan
#3	-3.002245	nan
#4	-4.038485	nan
#5	-9.322905	nan
#6	-12.141364	nan
#7	-5.759973	nan
#8	-11.775489	nan
#9	-6.685553	nan
#10	3.065965	nan
#11	-5.035033	nan
#12	-11.316170	nan
#13	2.519937	nan
#14	2.796736	nan
#15	-3.522712	nan
#16	-6.228664	nan
#17	-9.666727	nan
#18	2.240763	nan
#19	-6.460528	nan
#20	-9.145656	nan
#21	-10.444126	nan
#22	-9.832980	nan
#23	-11.847063	nan
#24	-4.541190	nan
#25	-11.412279	nan
#26	3.596917	nan
#27	-12.138598	nan
#28	-12.125710	nan
#29	-1.662046	nan
#30	-7.129851	nan
#31	-5.280503	nan
#32	-1.391251	nan
#33	-12.088101	nan
#34	-11.093810	nan
#35	0.838170	nan
#36	-12.113282	nan
#37	-10.975935	nan
#38	-4.288857	nan
#39	1.404364	nan
#40	-10.721787	nan
#41	-11.207938	nan
#42	-11.610070	nan
#43	-12.143795	nan
#44	1.121291	nan
#45	-11.048957	nan
#46	0.559878	nan
#47	-5.993797	nan
#48	-12.054840	nan
#49	-10.148362	nan
#50	-9.994390	nan
#51	-0.561580	nan
#52	-11.950604	nan
#53	-8.581918	nan
#54	-8.384645	nan
#55	-10.850514	nan
#56	-12.077665	nan
#57	3.335857	nan
#58	-10.585585	nan
#59	-12.014612	nan
#60	-11.966089	nan
#61	1.682461	nan
#62	-2.740896	nan
#63	-1.114455	nan
#64	-3.265739	nan
#65	-7.981812	nan
#66	-8.771972	nan
#67	-11.894763	nan
#68	-2.473043	nan
#69	-5.519536	nan
#70	-12.042937	nan
#71	-1.935708	nan
#72	-12.105594	nan
#73	-0.836318	nan
#74	-12.000368	nan
#75	-7.773186	nan
#76	-7.348879	nan
#77	-11.299654	nan
#78	-9.498544	nan
#79	-11.909878	nan
#80	-3.781724	nan
#81	-11.761880	nan
#82	1.964490	nan
#83	-11.601326	nan
#84	-12.131201	nan
#85	-11.684874	nan
#86	-11.416747	nan
#87	0.277343	nan
#88	-11.831117	nan
#89	-11.697407	nan
#90	-7.564498	nan
#91	-6.911151	nan
#92	-8.183433	nan
#93	-8.960998	nan
#94	-0.281235	nan
#95	-2.203116	nan
#96	-10.299957	nan
#97	-11.512891	nan
#98	-11.514518	nan
#99	3.857393	nan
